54
74
28.9
57.5
74
91
28.5
58
45
83.7
39
39.2
78
25
50.8
90.6
85
46.3
74
21.3
25
25
21.3
21.3
21.3
39
37.3
37.3
39.2
46.3
39.2
37.3
46.3
46.3
50.8
50.8
28.5
59
60
58
46.3
75
50.8
64
60
58
54
64.8
64
46.3
54
54
60
46.3
77
63
52
74
74
52
66.5
74
46.3
66.5
46.3
76.6
46.3
46.3
76.6
64
60
58
54
64.8
64
46.3
54
54
60
46.3
77
63
52
74
74
52
66.5
74
46.3
66.5
46.3
76.6
46.3
46.3
76.6
64
60
58
54
64.8
64
46.3
54
54
60
46.3
77
63
52
74
74
52
66.5
74
46.3
66.5
46.3
76.6
46.3
46.3
76.6
64
60
58
54
64.8
64
46.3
54
54
60
46.3
77
63
52
74
74
52
66.5
74
46.3
66.5
46.3
76.6
46.3
46.3
76.6
64
60
58
54
64.8
64
46.3
54
54
60
46.3
77
63
52
74
74
52
66.5
74
46.3
66.5
46.3
76.6
46.3
46.3
76.6
64
60
58
54
64.8
64
46.3
54
54
60
46.3
77
63
52
74
74
52
66.5
74
46.3
66.5
46.3
76.6
46.3
46.3
76.6
64
60
58
54
64.8
64
46.3
54
54
60
46.3
77
63
52
74
74
52
66.5
74
46.3
66.5
46.3
76.6
46.3
46.3
76.6
64
60
58
54
64.8
64
46.3
54
54
60
46.3
77
63
52
74
74
52
66.5
74
46.3
66.5
46.3
76.6
46.3
46.3
76.6
64
60
58
54
64.8
64
46.3
54
54
60
46.3
77
63
52
74
74
52
66.5
74
46.3
66.5
46.3
76.6
46.3
46.3
76.6
64
60
58
54
64.8
64
46.3
54
54
60
46.3
77
63
52
74
74
52
66.5
74
46.3
66.5
46.3
76.6
46.3
46.3
76.6
64
60
58
54
64.8
64
46.3
54
54
60
46.3
77
63
52
74
74
52
66.5
74
46.3
66.5
46.3
76.6
46.3
46.3
76.6
64
60
58
54
64.8
64
46.3
54
54
60
46.3
77
63
52
74
74
52
66.5
74
46.3
66.5
46.3
76.6
46.3
46.3
76.6
64
54
74
28.9
57.5
74
91
28.5
58
45
83.7
39
39.2
78
25
50.8
90.6
85
46.3
74
21.3
25
54
74
28.9
57.5
74
91
28.5
58
45
83.7
39
39.2
78
25
50.8
90.6
85
46.3
74
21.3
25
54
74
28.9
57.5
74
91
28.5
58
45
83.7
39
39.2
78
25
50.8
90.6
85
46.3
74
21.3
25
54
74
28.9
57.5
74
91
28.5
58
45
83.7
39
39.2
78
25
50.8
90.6
85
46.3
74
21.3
25
54
74
28.9
57.5
74
91
28.5
58
45
83.7
39
39.2
78
25
50.8
90.6
85
46.3
74
21.3
25
54
74
28.9
57.5
74
91
28.5
58
45
83.7
39
39.2
78
25
50.8
90.6
85
46.3
74
21.3
25
54
74
28.9
57.5
74
91
28.5
58
45
83.7
39
39.2
78
25
50.8
90.6
85
46.3
74
21.3
25
54
74
28.9
57.5
74
91
28.5
58
45
83.7
39
39.2
78
25
50.8
90.6
85
46.3
74
21.3
25
54
74
28.9
57.5
74
91
28.5
58
45
83.7
39
39.2
78
25
50.8
90.6
85
46.3
74
21.3
25
54
74
28.9
57.5
74
91
28.5
58
45
83.7
39
39.2
78
25
50.8
90.6
85
46.3
74
21.3
25
54
74
28.9
57.5
74
91
28.5
58
45
83.7
39
39.2
78
25
50.8
90.6
85
46.3
74
21.3
25
54
74
28.9
57.5
74
91
28.5
58
45
83.7
39
39.2
78
25
50.8
90.6
85
46.3
74
21.3
25
54
74
28.9
57.5
74
91
28.5
58
45
83.7
39
39.2
78
25
50.8
90.6
85
46.3
74
21.3
25
54
74
28.9
57.5
74
91
28.5
58
45
83.7
39
39.2
78
25
50.8
90.6
85
46.3
74
21.3
25
54
74
28.9
57.5
74
91
28.5
58
45
83.7
39
39.2
78
25
50.8
90.6
85
46.3
74
21.3
25
54
74
28.9
57.5
74
91
28.5
58
45
83.7
39
39.2
78
25
50.8
90.6
85
46.3
74
21.3
25
54
74
28.9
57.5
74
91
28.5
58
45
83.7
39
39.2
78
25
50.8
90.6
85
46.3
74
21.3
25
54
74
28.9
57.5
74
91
28.5
58
45
83.7
39
39.2
78
25
50.8
90.6
85
46.3
74
21.3
25
54
74
28.9
57.5
74
91
28.5
58
45
83.7
39
39.2
78
25
50.8
90.6
85
46.3
74
21.3
25
54
74
28.9
57.5
74
91
28.5
58
45
83.7
39
39.2
78
25
50.8
90.6
85
46.3
74
21.3
25
54
74
28.9
57.5
74
91
28.5
58
45
83.7
39
39.2
78
25
50.8
90.6
85
46.3
74
21.3
25
54
74
28.9
57.5
74
91
28.5
58
45
83.7
39
39.2
78
25
50.8
90.6
85
46.3
74
21.3
25
54
74
28.9
57.5
74
91
28.5
58
45
83.7
39
39.2
78
25
50.8
90.6
85
46.3
74
21.3
25
54
74
28.9
57.5
74
91
28.5
58
45
83.7
39
39.2
78
25
50.8
90.6
85
46.3
74
21.3
25
54
74
28.9
57.5
74
91
28.5
58
45
83.7
39
39.2
78
25
50.8
90.6
85
46.3
74
21.3
25
54
74
28.9
57.5
74
91
28.5
58
45
83.7
39
39.2
78
25
50.8
90.6
85
46.3
74
21.3
25
54
74
28.9
57.5
74
91
28.5
58
45
83.7
39
39.2
78
25
50.8
90.6
85
46.3
74
21.3
25
54
74
28.9
57.5
74
91
28.5
58
45
83.7
39
39.2
78
25
50.8
90.6
85
46.3
74
21.3
25
54
74
28.9
57.5
74
91
28.5
58
45
83.7
39
39.2
78
25
50.8
90.6
85
46.3
74
21.3
25
54
74
28.9
57.5
74
91
28.5
58
45
83.7
39
39.2
78
25
50.8
90.6
85
46.3
74
21.3
25
54
74
28.9
57.5
74
91
28.5
58
45
83.7
39
39.2
78
25
50.8
90.6
85
46.3
74
21.3
25