360
370
180
380
385
425
170
350
235
400
235
230
410
165
300
525
405
210
350
130
165
160
135
135
135
235
235
235
250
290
230
230
205
275
300
295
170
340
315
350
200
380
300
395
320
345
365
385
370
185
295
305
350
180
450
335
285
390
495
295
395
410
185
385
185
405
180
180
385
320
360
370
180
380
385
425
170
350
235
400
235
230
410
165
300
525
405
210
350
130
165
160
135
135
135
235
235
235
250
290
230
230
205
275
300
295
170
340
315
350
200
380
300
395
320
345
365
385
370
185
295
305
350
180
450
335
285
390
495
295
395
410
185
385
185
405
180
360
370
180
380
385
425
170
350
235
400
235
230
410
165
300
525
405
210
350
130
165
160
135
135
135
235
235
235
250
290
230
230
205
275
300
295
170
340
315
350
200
380
300
395
320
345
365
385
370
185
295
305
350
180
450
335
285
390
495
295
395
410
185
385
185
405
180
360
370
180
380
385
425
170
350
235
400
235
230
410
165
300
525
405
210
350
130
165
160
135
135
135
235
235
235
250
290
230
230
205
275
300
295
170
340
315
350
200
380
300
395
320
345
365
385
370
185
295
305
350
180
450
335
285
390
495
295
395
410
185
385
185
405
180
360
370
180
380
385
425
170
350
235
400
235
230
410
165
300
525
405
210
350
130
165
160
135
135
135
235
235
235
250
290
230
230
205
275
300
295
170
340
315
350
200
380
300
395
320
345
365
385
370
185
295
305
350
180
450
335
285
390
495
295
395
410
185
385
185
405
180
360
370
180
380
385
425
170
350
235
400
235
230
410
165
300
525
405
210
350
130
165
160
135
135
135
235
235
235
250
290
230
230
205
275
300
295
170
340
315
350
200
380
300
395
320
345
365
385
370
185
295
305
350
180
450
335
285
390
495
295
395
410
185
385
185
405
180
360
370
180
380
385
425
170
350
235
400
235
230
410
165
300
525
405
210
350
130
165
160
135
135
135
235
235
235
250
290
230
230
205
275
300
295
170
340
315
350
200
380
300
395
320
345
365
385
370
185
295
305
350
180
450
335
285
390
495
295
395
410
185
385
185
405
180
360
370
180
380
385
425
170
350
235
400
235
230
410
165
300
525
405
210
350
130
165
160
135
135
135
235
235
235
250
290
230
230
205
275
300
295
170
340
315
350
200
380
300
395
320
345
365
385
370
185
295
305
350
180
450
335
285
390
495
295
395
410
185
385
185
405
180
360
370
180
380
385
425
170
350
235
400
235
230
410
165
300
525
405
210
350
130
165
160
135
135
135
235
235
235
250
290
230
230
205
275
300
295
170
340
315
350
200
380
300
395
320
345
365
385
370
185
295
305
350
180
450
335
285
390
495
295
395
410
185
385
185
405
180
360
370
180
380
385
425
170
350
235
400
235
230
410
165
300
525
405
210
350
130
165
160
135
135
135
235
235
235
250
290
230
230
205
275
300
295
170
340
315
350
200
380
300
395
320
345
365
385
370
185
295
305
350
180
450
335
285
390
495
295
395
410
185
385
185
405
180
360
370
180
380
385
425
170
350
235
400
235
230
410
165
300
525
405
210
350
130
165
160
135
135
135
235
235
235
250
290
230
230
205
275
300
295
170
340
315
350
200
380
300
395
320
345
365
385
370
185
295
305
350
180
450
335
285
390
495
295
395
410
185
385
185
405
180
360
370
180
380
385
425
170
350
235
400
235
230
410
165
300
525
405
210
350
130
165
160
135
135
135
235
235
235
250
290
230
230
205
275
300
295
170
340
315
350
200
380
300
395
320
345
365
385
370
185
295
305
350
180
450
335
285
390
495
295
395
410
185
385
185
405
180
360
370
180
380
385
425
170
350
235
400
235
230
410
165
300
525
405
210
350
130
165
160
135
135
135
235
235
235
250
290
230
230
205
275
300
295
170
340
315
350
200
380
300
395
320
345
365
385
370
185
295
305
350
180
450
335
285
390
495
295
395
410
185
385
185
405
180
360
370
180
380
385
425
170
350
235
400
235
230
410
165
300
525
405
210
350
130
165
160
135
135
135
235
235
235
250
290
230
230
205
275
300
295
170
340
315
350
200
380
300
395
320
345
365
385
370
185
295
305
350
180
450
335
285
390
495
295
395
410
185
385
185
405
180
360
370
180
380
385
425
170
350
235
400
235
230
410
165
300
525
405
210
350
130
165
160
135
135
135
235
235
235
250
290
230
230
205
275
300
295
170
340
315
350
200
380
300
395
320
345
365
385
370
185
295
305
350
180
450
335
285
390
495
295
395
410
185
385
185
405
180
360
370
180
380
385
425
170
350
235
400
235
230
410
165
300
525
405
210
350
130
165
160
135
135
135
235
235
235
250
290
230
230
205
275
300
295
170
340
315
350
200
380
300
395
320
345
365
385
370
185
295
305
350
180
450
335
285
390
495
295
395
410
185
385
185
405
180
360
370
180
380
385
425
170
350
235
400
235
230
410
165
300
525
405
210
350
130
165
160
135
135
135
235
235
235
250
290
230
230
205
275
300
295
170
340
315
350
200
380
300
395
320
345
365
385
370
185
295
305
350
180
450
335
285
390
495
295
395
410
185
385
185
405
180
360
370
180
380
385
425
170
350
235
400
235
230
410
165
300
525
405
210
350
130
165
160
135
135
135
235
235
235
250
290
230
230
205
275
300
295
170
340
315
350
200
380
300
395
320
345
365
385
370
185
295
305
350
180
450
335
285
390
495
295
395
410
185
385
185
405
180